   8.3689490e-01
   8.3689490e-01
   8.3689490e-01
   8.3689490e-01
   8.3689490e-01
   8.3689490e-01
   8.3689490e-01
   8.3689490e-01
   8.3689490e-01
   8.3689490e-01
   8.3689490e-01
   8.3689490e-01
   8.3689490e-01
   8.3689490e-01
   8.3689490e-01
   8.3689490e-01
   8.3689490e-01
   8.3689490e-01
   8.3689490e-01
   8.3689490e-01
   8.3689490e-01
   8.3689490e-01
   8.3689490e-01
   8.3689490e-01
   8.3689490e-01
   8.3689490e-01
   8.3689490e-01
   8.3689490e-01
   8.3689490e-01
   8.3689490e-01
   8.3689490e-01
   8.3689490e-01
   8.3689490e-01
   8.3689490e-01
   8.3689490e-01
   8.3689490e-01
   8.3689490e-01
   8.3689490e-01
   8.3689490e-01
   8.3689490e-01
   8.3689490e-01
   8.3689490e-01
   8.3689490e-01
   8.3689490e-01
   8.3689490e-01
   8.3689490e-01
   8.3689490e-01
   8.3689490e-01
   8.3689490e-01
   8.3689490e-01
   8.3760332e-01
   8.3946392e-01
   8.3878021e-01
   8.3775722e-01
   8.3838457e-01
   8.3962802e-01
   8.3992546e-01
   8.3958361e-01
   8.4032098e-01
   8.4117100e-01
   8.4169211e-01
   8.4169211e-01
   8.4169211e-01
   8.4220051e-01
   8.4291221e-01
   8.4351623e-01
   8.4385809e-01
   8.4485453e-01
   8.4518099e-01
   8.4573612e-01
   8.4705902e-01
   8.4808458e-01
   8.4728432e-01
   8.4808256e-01
   8.4992901e-01
   8.5195511e-01
   8.5380683e-01
   8.5325505e-01
   8.5372041e-01
   8.5583046e-01
   8.5900226e-01
   8.5789122e-01
   8.6040782e-01
   8.6205871e-01
   8.6262538e-01
   8.6350429e-01
   8.6760656e-01
   8.6924903e-01
   8.7044859e-01
   8.7111090e-01
   8.7271489e-01
   8.7686996e-01
   8.7909202e-01
   8.8245376e-01
   8.8380930e-01
   8.8565870e-01
   8.8846952e-01
   8.9026729e-01
   8.9390339e-01
   8.9600767e-01
   8.9894433e-01
   9.0360781e-01
   9.0804186e-01
   9.1018295e-01
   9.1571478e-01
   9.1978856e-01
   9.2452971e-01
   9.3014792e-01
   9.3658798e-01
   9.4370742e-01
   9.5095873e-01
   9.5793971e-01
   9.6539367e-01
   9.7428193e-01
   9.7855316e-01
   9.8717779e-01
   9.9422616e-01
   9.9867114e-01
   9.9846183e-01
   9.9514071e-01
   9.8802595e-01
   9.7273298e-01
   9.4933972e-01
   9.2132193e-01
   8.8243579e-01
   8.4095508e-01
   7.9638556e-01
   7.4912015e-01
   6.9964216e-01
   6.5293124e-01
   6.0753768e-01
   5.6660490e-01
   5.2755810e-01
   4.9564116e-01
   4.6415119e-01
   4.4072469e-01
   4.1729820e-01
   3.9837332e-01
   3.8253855e-01
   3.6670379e-01
   3.6064663e-01
   3.5609750e-01
   3.5154838e-01
   3.4865266e-01
   3.4577301e-01
   3.4289336e-01
   3.4550062e-01
   3.4832782e-01
   3.5115502e-01
   3.5534344e-01
   3.5972392e-01
   3.6410440e-01
   3.7977465e-01
   3.9556831e-01
   4.1324814e-01
   4.3731851e-01
   4.6138888e-01
   4.9177687e-01
   5.2308779e-01
   5.5996325e-01
   5.9907160e-01
   6.4375564e-01
   6.9032210e-01
   7.3726323e-01
   7.8520113e-01
   8.3318492e-01
   8.7557509e-01
   9.1046587e-01
   9.3883572e-01
   9.6062129e-01
   9.7490661e-01
   9.8303185e-01
   9.8569811e-01
   9.8364087e-01
   9.8114061e-01
   9.7265636e-01
   9.6621416e-01
   9.5948587e-01
   9.5250386e-01
   9.4474561e-01
   9.3897029e-01
   9.3499499e-01
   9.2691771e-01
   9.1728876e-01
   9.1422241e-01
   9.0946671e-01
   9.0544718e-01
   9.0177950e-01
   8.9780724e-01
   8.9406804e-01
   8.8999425e-01
   8.8626081e-01
   8.8283194e-01
   8.7906516e-01
   8.7571799e-01
   8.7395008e-01
   8.6987629e-01
   8.6609486e-01
   8.6323317e-01
   8.6132927e-01
   8.5967791e-01
   8.5591749e-01
   8.5255373e-01
   8.4966971e-01
   8.4742194e-01
   8.4584888e-01
   8.4482331e-01
   8.4190348e-01
   8.4081989e-01
   8.3992946e-01
   8.3762433e-01
   8.3614296e-01
   8.3476628e-01
   8.3317901e-01
   8.3172091e-01
   8.3058566e-01
   8.2836359e-01
   8.2871817e-01
   8.2796963e-01
   8.2489238e-01
   8.2352496e-01
   8.2428896e-01
   8.2258147e-01
   8.2055468e-01
   8.2106457e-01
   8.1901344e-01
   8.1907847e-01
   8.1902591e-01
   8.1800034e-01
   8.1697477e-01
   8.1573858e-01
   8.1442109e-01
   8.1298084e-01
   8.1127156e-01
   8.1244612e-01
   8.1227880e-01
   8.1160052e-01
   8.1160052e-01
   8.1160052e-01
   8.1160052e-01
   8.1160052e-01
   8.1160052e-01
   8.1160052e-01
   8.1160052e-01
   8.1160052e-01
   8.1160052e-01
   8.1160052e-01
   8.1160052e-01
   8.1160052e-01
   8.1160052e-01
   8.1160052e-01
   8.1160052e-01
   8.1160052e-01
   8.1160052e-01
   8.1160052e-01
   8.1160052e-01
   8.1160052e-01
   8.1160052e-01
   8.1160052e-01
   8.1160052e-01
   8.1160052e-01
   8.1160052e-01
   8.1160052e-01
   8.1160052e-01
   8.1160052e-01
   8.1160052e-01
   8.1160052e-01
   8.1160052e-01
   8.1160052e-01
   8.1160052e-01
   8.1160052e-01
   8.1160052e-01
   8.1160052e-01
   8.1160052e-01
   8.1160052e-01
   8.1160052e-01
   8.1160052e-01
   8.1160052e-01
   8.1160052e-01
   8.1160052e-01
   8.1160052e-01
   8.1160052e-01
