  -1.4790000e+01
  -1.4688096e+01
  -1.4586192e+01
  -1.4484288e+01
  -1.4382384e+01
  -1.4280480e+01
  -1.4178577e+01
  -1.4076673e+01
  -1.3974769e+01
  -1.3872865e+01
  -1.3770961e+01
  -1.3669057e+01
  -1.3567153e+01
  -1.3465249e+01
  -1.3363345e+01
  -1.3261441e+01
  -1.3159537e+01
  -1.3057633e+01
  -1.2955730e+01
  -1.2853826e+01
  -1.2751922e+01
  -1.2650018e+01
  -1.2548114e+01
  -1.2446210e+01
  -1.2344306e+01
  -1.2242402e+01
  -1.2140498e+01
  -1.2038594e+01
  -1.1936690e+01
  -1.1834786e+01
  -1.1732883e+01
  -1.1630979e+01
  -1.1529075e+01
  -1.1427171e+01
  -1.1325267e+01
  -1.1223363e+01
  -1.1121459e+01
  -1.1019555e+01
  -1.0917651e+01
  -1.0815747e+01
  -1.0713843e+01
  -1.0611940e+01
  -1.0510036e+01
  -1.0408132e+01
  -1.0306228e+01
  -1.0204324e+01
  -1.0102420e+01
  -1.0000516e+01
  -9.8986121e+00
  -9.7967082e+00
  -9.6948043e+00
  -9.5929004e+00
  -9.4909964e+00
  -9.3890925e+00
  -9.2871886e+00
  -9.1852847e+00
  -9.0833808e+00
  -8.9814769e+00
  -8.8795730e+00
  -8.7776690e+00
  -8.6757651e+00
  -8.5738612e+00
  -8.4719573e+00
  -8.3700534e+00
  -8.2681495e+00
  -8.1662456e+00
  -8.0643416e+00
  -7.9624377e+00
  -7.8605338e+00
  -7.7586299e+00
  -7.6567260e+00
  -7.5548221e+00
  -7.4529181e+00
  -7.3510142e+00
  -7.2491103e+00
  -7.1472064e+00
  -7.0453025e+00
  -6.9433986e+00
  -6.8414947e+00
  -6.7395907e+00
  -6.6376868e+00
  -6.5357829e+00
  -6.4338790e+00
  -6.3319751e+00
  -6.2300712e+00
  -6.1281673e+00
  -6.0262633e+00
  -5.9243594e+00
  -5.8224555e+00
  -5.7205516e+00
  -5.6186477e+00
  -5.5167438e+00
  -5.4148399e+00
  -5.3129359e+00
  -5.2110320e+00
  -5.1091281e+00
  -5.0072242e+00
  -4.9053203e+00
  -4.8034164e+00
  -4.7015125e+00
  -4.5996085e+00
  -4.4977046e+00
  -4.3958007e+00
  -4.2938968e+00
  -4.1919929e+00
  -4.0900890e+00
  -3.9881851e+00
  -3.8862811e+00
  -3.7843772e+00
  -3.6824733e+00
  -3.5805694e+00
  -3.4786655e+00
  -3.3767616e+00
  -3.2748577e+00
  -3.1729537e+00
  -3.0710498e+00
  -2.9691459e+00
  -2.8672420e+00
  -2.7653381e+00
  -2.6634342e+00
  -2.5615302e+00
  -2.4596263e+00
  -2.3577224e+00
  -2.2558185e+00
  -2.1539146e+00
  -2.0520107e+00
  -1.9501068e+00
  -1.8482028e+00
  -1.7462989e+00
  -1.6443950e+00
  -1.5424911e+00
  -1.4405872e+00
  -1.3386833e+00
  -1.2367794e+00
  -1.1348754e+00
  -1.0329715e+00
  -9.3106762e-01
  -8.2916370e-01
  -7.2725979e-01
  -6.2535587e-01
  -5.2345196e-01
  -4.2154804e-01
  -3.1964413e-01
  -2.1774021e-01
  -1.1583630e-01
  -1.3932384e-02
   8.7971530e-02
   1.8987544e-01
   2.9177936e-01
   3.9368327e-01
   4.9558719e-01
   5.9749110e-01
   6.9939502e-01
   8.0129893e-01
   9.0320285e-01
   1.0051068e+00
   1.1070107e+00
   1.2089146e+00
   1.3108185e+00
   1.4127224e+00
   1.5146263e+00
   1.6165302e+00
   1.7184342e+00
   1.8203381e+00
   1.9222420e+00
   2.0241459e+00
   2.1260498e+00
   2.2279537e+00
   2.3298577e+00
   2.4317616e+00
   2.5336655e+00
   2.6355694e+00
   2.7374733e+00
   2.8393772e+00
   2.9412811e+00
   3.0431851e+00
   3.1450890e+00
   3.2469929e+00
   3.3488968e+00
   3.4508007e+00
   3.5527046e+00
   3.6546085e+00
   3.7565125e+00
   3.8584164e+00
   3.9603203e+00
   4.0622242e+00
   4.1641281e+00
   4.2660320e+00
   4.3679359e+00
   4.4698399e+00
   4.5717438e+00
   4.6736477e+00
   4.7755516e+00
   4.8774555e+00
   4.9793594e+00
   5.0812633e+00
   5.1831673e+00
   5.2850712e+00
   5.3869751e+00
   5.4888790e+00
   5.5907829e+00
   5.6926868e+00
   5.7945907e+00
   5.8964947e+00
   5.9983986e+00
   6.1003025e+00
   6.2022064e+00
   6.3041103e+00
   6.4060142e+00
   6.5079181e+00
   6.6098221e+00
   6.7117260e+00
   6.8136299e+00
   6.9155338e+00
   7.0174377e+00
   7.1193416e+00
   7.2212456e+00
   7.3231495e+00
   7.4250534e+00
   7.5269573e+00
   7.6288612e+00
   7.7307651e+00
   7.8326690e+00
   7.9345730e+00
   8.0364769e+00
   8.1383808e+00
   8.2402847e+00
   8.3421886e+00
   8.4440925e+00
   8.5459964e+00
   8.6479004e+00
   8.7498043e+00
   8.8517082e+00
   8.9536121e+00
   9.0555160e+00
   9.1574199e+00
   9.2593238e+00
   9.3612278e+00
   9.4631317e+00
   9.5650356e+00
   9.6669395e+00
   9.7688434e+00
   9.8707473e+00
   9.9726512e+00
   1.0074555e+01
   1.0176459e+01
   1.0278363e+01
   1.0380267e+01
   1.0482171e+01
   1.0584075e+01
   1.0685979e+01
   1.0787883e+01
   1.0889786e+01
   1.0991690e+01
   1.1093594e+01
   1.1195498e+01
   1.1297402e+01
   1.1399306e+01
   1.1501210e+01
   1.1603114e+01
   1.1705018e+01
   1.1806922e+01
   1.1908826e+01
   1.2010730e+01
   1.2112633e+01
   1.2214537e+01
   1.2316441e+01
   1.2418345e+01
   1.2520249e+01
   1.2622153e+01
   1.2724057e+01
   1.2825961e+01
   1.2927865e+01
   1.3029769e+01
   1.3131673e+01
   1.3233577e+01
   1.3335480e+01
   1.3437384e+01
   1.3539288e+01
   1.3641192e+01
   1.3743096e+01
   1.3845000e+01
